service_id,monday,tuesday,wednesday,thursday,friday,saturday,sunday,start_date,end_date
246095324610026,0,0,0,0,0,0,0,20250801,20251122
246092524609256,0,0,0,0,0,0,0,20250801,20251122
246095424609967,0,0,0,0,0,0,0,20250801,20251122
246095324609956,0,0,0,0,0,0,0,20250801,20251122
246094024609967,0,0,0,0,0,0,0,20250801,20251122
246088924608895,0,0,0,0,0,0,0,20250801,20251122
246095524610012,0,0,0,0,0,0,0,20250801,20251122
246095524610014,0,0,0,0,0,0,0,20250801,20251122
246089024609186,0,0,0,0,0,0,0,20250801,20251122
246088624609142,0,0,0,0,0,0,0,20250801,20251122
246088824609164,0,0,0,0,0,0,0,20250801,20251122
246089224609131,0,0,0,0,0,0,0,20250801,20251122
246088924609105,0,0,0,0,0,0,0,20250801,20251122
246089224609024,0,0,0,0,0,0,0,20250801,20251122
246090624609162,0,0,0,0,0,0,0,20250801,20251122
246092724610003,0,0,0,0,0,0,0,20250801,20251122
246092724610002,0,0,0,0,0,0,0,20250801,20251122
246092724610001,0,0,0,0,0,0,0,20250801,20251122
246089224608951,0,0,0,0,0,0,0,20250801,20251122
246089924609024,0,0,0,0,0,0,0,20250801,20251122
246091024609105,0,0,0,0,0,0,0,20250801,20251122
246092424609315,0,0,0,0,0,0,0,20250801,20251122
246095924610015,0,0,0,0,0,0,0,20250801,20251122
246089924609012,0,0,0,0,0,0,0,20250801,20251122
246096224610001,0,0,0,0,0,0,0,20250801,20251122
246096224610002,0,0,0,0,0,0,0,20250801,20251122
246096224610003,0,0,0,0,0,0,0,20250801,20251122
246091324609152,0,0,0,0,0,0,0,20250801,20251122
246092824609304,0,0,0,0,0,0,0,20250801,20251122
246095524609581,0,0,0,0,0,0,0,20250801,20251122
246094524609455,0,0,0,0,0,0,0,20250801,20251122
246092424610015,0,0,0,0,0,0,0,20250801,20251122
246089924609161,0,0,0,0,0,0,0,20250801,20251122
246089924609093,0,0,0,0,0,0,0,20250801,20251122
246091324609164,0,0,0,0,0,0,0,20250801,20251122
246095224610015,0,0,0,0,0,0,0,20250801,20251122
246094824610001,0,0,0,0,0,0,0,20250801,20251122
246094824610002,0,0,0,0,0,0,0,20250801,20251122
246094824610004,0,0,0,0,0,0,0,20250801,20251122
246094824610003,0,0,0,0,0,0,0,20250801,20251122
246090624609093,0,0,0,0,0,0,0,20250801,20251122
246096024609956,0,0,0,0,0,0,0,20250801,20251122
246093224609536,0,0,0,0,0,0,0,20250801,20251122
246093324609967,0,0,0,0,0,0,0,20250801,20251122
246096024610026,0,0,0,0,0,0,0,20250801,20251122
246088924609035,0,0,0,0,0,0,0,20250801,20251122
246089224609162,0,0,0,0,0,0,0,20250801,20251122
246089224609164,0,0,0,0,0,0,0,20250801,20251122
246089624609035,0,0,0,0,0,0,0,20250801,20251122
246088924609525,0,0,0,0,0,0,0,20250801,20251122
246092424609525,0,0,0,0,0,0,0,20250801,20251122
246092624609967,0,0,0,0,0,0,0,20250801,20251122
246089024610026,0,0,0,0,0,0,0,20250801,20251122
246089024609536,0,0,0,0,0,0,0,20250801,20251122
246095424609957,0,0,0,0,0,0,0,20250801,20251122
246095924609945,0,0,0,0,0,0,0,20250801,20251122
246091924609207,0,0,0,0,0,0,0,20250801,20251122
246091924609201,0,0,0,0,0,0,0,20250801,20251122
246089924608991,0,0,0,0,0,0,0,20250801,20251122
246090924609104,0,0,0,0,0,0,0,20250801,20251122
246091124609956,0,0,0,0,0,0,0,20250801,20251122
246089124609057,0,0,0,0,0,0,0,20250801,20251122
246089024609956,0,0,0,0,0,0,0,20250801,20251122
246092624609957,0,0,0,0,0,0,0,20250801,20251122
246092624609956,0,0,0,0,0,0,0,20250801,20251122
246089124609186,0,0,0,0,0,0,0,20250801,20251122
246092624610026,0,0,0,0,0,0,0,20250801,20251122
246092524610026,0,0,0,0,0,0,0,20250801,20251122
246089224609172,0,0,0,0,0,0,0,20250801,20251122
246092724610012,0,0,0,0,0,0,0,20250801,20251122
246092724610015,0,0,0,0,0,0,0,20250801,20251122
246092724610011,0,0,0,0,0,0,0,20250801,20251122
246092724610013,0,0,0,0,0,0,0,20250801,20251122
246092724610014,0,0,0,0,0,0,0,20250801,20251122
246088924610015,0,0,0,0,0,0,0,20250801,20251122
246089124609967,0,0,0,0,0,0,0,20250801,20251122
246091124609536,0,0,0,0,0,0,0,20250801,20251122
246089224609061,0,0,0,0,0,0,0,20250801,20251122
246090024609024,0,0,0,0,0,0,0,20250801,20251122
246090724609082,0,0,0,0,0,0,0,20250801,20251122
246096324610002,0,0,0,0,0,0,0,20250801,20251122
246092824609282,0,0,0,0,0,0,0,20250801,20251122
246094224609422,0,0,0,0,0,0,0,20250801,20251122
246092724609971,0,0,0,0,0,0,0,20250801,20251122
246088924609245,0,0,0,0,0,0,0,20250801,20251122
246091924609251,0,0,0,0,0,0,0,20250801,20251122
246089824609967,0,0,0,0,0,0,0,20250801,20251122
246090424610026,0,0,0,0,0,0,0,20250801,20251122
246091524609234,0,0,0,0,0,0,0,20250801,20251122
246089424608943,0,0,0,0,0,0,0,20250801,20251122
246094124609971,0,0,0,0,0,0,0,20250801,20251122
246092524609956,0,0,0,0,0,0,0,20250801,20251122
246092724609451,0,0,0,0,0,0,0,20250801,20251122
246092724609454,0,0,0,0,0,0,0,20250801,20251122
246089624609245,0,0,0,0,0,0,0,20250801,20251122
246091224609267,0,0,0,0,0,0,0,20250801,20251122
246095324609536,0,0,0,0,0,0,0,20250801,20251122
246093224610026,0,0,0,0,0,0,0,20250801,20251122
246089024609256,0,0,0,0,0,0,0,20250801,20251122
246093224609956,0,0,0,0,0,0,0,20250801,20251122
246089724609256,0,0,0,0,0,0,0,20250801,20251122
246093924610026,0,0,0,0,0,0,0,20250801,20251122
246093924609956,0,0,0,0,0,0,0,20250801,20251122
246089224609091,0,0,0,0,0,0,0,20250801,20251122
246092724609481,0,0,0,0,0,0,0,20250801,20251122
246096224609971,0,0,0,0,0,0,0,20250801,20251122
246092824609982,0,0,0,0,0,0,0,20250801,20251122
246090824609093,0,0,0,0,0,0,0,20250801,20251122
246093624609373,0,0,0,0,0,0,0,20250801,20251122
246093624609374,0,0,0,0,0,0,0,20250801,20251122
246095024610003,0,0,0,0,0,0,0,20250801,20251122
246095024610004,0,0,0,0,0,0,0,20250801,20251122
246090524609967,0,0,0,0,0,0,0,20250801,20251122
246089124610021,0,0,0,0,0,0,0,20250801,20251122
246089124610027,0,0,0,0,0,0,0,20250801,20251122
246089124610023,0,0,0,0,0,0,0,20250801,20251122
246089124610024,0,0,0,0,0,0,0,20250801,20251122
246089124610026,0,0,0,0,0,0,0,20250801,20251122
246089124610025,0,0,0,0,0,0,0,20250801,20251122
246089124610022,0,0,0,0,0,0,0,20250801,20251122
246089224609321,0,0,0,0,0,0,0,20250801,20251122
246089224609322,0,0,0,0,0,0,0,20250801,20251122
246089224609325,0,0,0,0,0,0,0,20250801,20251122
246089224609324,0,0,0,0,0,0,0,20250801,20251122
246089224609326,0,0,0,0,0,0,0,20250801,20251122
246093324610022,0,0,0,0,0,0,0,20250801,20251122
246093324610027,0,0,0,0,0,0,0,20250801,20251122
246093324610024,0,0,0,0,0,0,0,20250801,20251122
246093324610026,0,0,0,0,0,0,0,20250801,20251122
246093324610023,0,0,0,0,0,0,0,20250801,20251122
246092724609325,0,0,0,0,0,0,0,20250801,20251122
246089224609244,0,0,0,0,0,0,0,20250801,20251122
246089224609245,0,0,0,0,0,0,0,20250801,20251122
246089224609243,0,0,0,0,0,0,0,20250801,20251122
246093324609462,0,0,0,0,0,0,0,20250801,20251122
246093324609467,0,0,0,0,0,0,0,20250801,20251122
246093324609461,0,0,0,0,0,0,0,20250801,20251122
246095424610027,0,0,0,0,0,0,0,20250801,20251122
246095424610022,0,0,0,0,0,0,0,20250801,20251122
246095424610023,0,0,0,0,0,0,0,20250801,20251122
246095424610025,0,0,0,0,0,0,0,20250801,20251122
246095424610026,0,0,0,0,0,0,0,20250801,20251122
246095424610021,0,0,0,0,0,0,0,20250801,20251122
246095424610024,0,0,0,0,0,0,0,20250801,20251122
246093824609455,0,0,0,0,0,0,0,20250801,20251122
246088924609315,0,0,0,0,0,0,0,20250801,20251122
246092724609804,0,0,0,0,0,0,0,20250801,20251122
246098324610014,0,0,0,0,0,0,0,20250801,20251122
246088924610025,0,0,0,0,0,0,0,20250801,20251122
246088924610026,0,0,0,0,0,0,0,20250801,20251122
246089824610001,0,0,0,0,0,0,0,20250801,20251122
246089824610007,0,0,0,0,0,0,0,20250801,20251122
246089824610002,0,0,0,0,0,0,0,20250801,20251122
246089824610003,0,0,0,0,0,0,0,20250801,20251122
246089824610004,0,0,0,0,0,0,0,20250801,20251122
246089724610026,0,0,0,0,0,0,0,20250801,20251122
246089224609031,0,0,0,0,0,0,0,20250801,20251122
246089224610004,0,0,0,0,0,0,0,20250801,20251122
246089224610001,0,0,0,0,0,0,0,20250801,20251122
246089224610003,0,0,0,0,0,0,0,20250801,20251122
246090724609242,0,0,0,0,0,0,0,20250801,20251122
246090724609244,0,0,0,0,0,0,0,20250801,20251122
246090724609245,0,0,0,0,0,0,0,20250801,20251122
246093924609886,0,0,0,0,0,0,0,20250801,20251122
246089324609162,0,0,0,0,0,0,0,20250801,20251122
246092824610003,0,0,0,0,0,0,0,20250801,20251122
246092824610004,0,0,0,0,0,0,0,20250801,20251122
246092824610002,0,0,0,0,0,0,0,20250801,20251122
246093324609347,0,0,0,0,0,0,0,20250801,20251122
246095524609971,0,0,0,0,0,0,0,20250801,20251122
246092924609293,0,0,0,0,0,0,0,20250801,20251122
246091824609256,0,0,0,0,0,0,0,20250801,20251122
246089124608917,0,0,0,0,0,0,0,20250801,20251122
246090524609057,0,0,0,0,0,0,0,20250801,20251122
246093224609326,0,0,0,0,0,0,0,20250801,20251122
246093324609337,0,0,0,0,0,0,0,20250801,20251122
246095524610015,0,0,0,0,0,0,0,20250801,20251122
246095524610011,0,0,0,0,0,0,0,20250801,20251122
246088724609153,0,0,0,0,0,0,0,20250801,20251122
246088924609175,0,0,0,0,0,0,0,20250801,20251122
246089224609023,0,0,0,0,0,0,0,20250801,20251122
246092724610004,0,0,0,0,0,0,0,20250801,20251122
246089224608952,0,0,0,0,0,0,0,20250801,20251122
246089224608954,0,0,0,0,0,0,0,20250801,20251122
246089924609021,0,0,0,0,0,0,0,20250801,20251122
246092724609271,0,0,0,0,0,0,0,20250801,20251122
246096224610004,0,0,0,0,0,0,0,20250801,20251122
246095524609584,0,0,0,0,0,0,0,20250801,20251122
246091324609141,0,0,0,0,0,0,0,20250801,20251122
246092424609245,0,0,0,0,0,0,0,20250801,20251122
246093124609315,0,0,0,0,0,0,0,20250801,20251122
246089924609091,0,0,0,0,0,0,0,20250801,20251122
246089924609094,0,0,0,0,0,0,0,20250801,20251122
246091324609161,0,0,0,0,0,0,0,20250801,20251122
246094524610015,0,0,0,0,0,0,0,20250801,20251122
246091124609256,0,0,0,0,0,0,0,20250801,20251122
246089224609161,0,0,0,0,0,0,0,20250801,20251122
246091224609257,0,0,0,0,0,0,0,20250801,20251122
246091224609256,0,0,0,0,0,0,0,20250801,20251122
246095424609956,0,0,0,0,0,0,0,20250801,20251122
246092624609477,0,0,0,0,0,0,0,20250801,20251122
246100124610026,0,0,0,0,0,0,0,20250801,20251122
246092824609312,0,0,0,0,0,0,0,20250801,20251122
246091224609187,0,0,0,0,0,0,0,20250801,20251122
246089124609187,0,0,0,0,0,0,0,20250801,20251122
246092624610027,0,0,0,0,0,0,0,20250801,20251122
246089324608954,0,0,0,0,0,0,0,20250801,20251122
246089224609173,0,0,0,0,0,0,0,20250801,20251122
246089224609174,0,0,0,0,0,0,0,20250801,20251122
246089224609175,0,0,0,0,0,0,0,20250801,20251122
246093524609372,0,0,0,0,0,0,0,20250801,20251122
246094924609512,0,0,0,0,0,0,0,20250801,20251122
246096324610003,0,0,0,0,0,0,0,20250801,20251122
246089824609186,0,0,0,0,0,0,0,20250801,20251122
246091324609174,0,0,0,0,0,0,0,20250801,20251122
246091524609233,0,0,0,0,0,0,0,20250801,20251122
246094924610003,0,0,0,0,0,0,0,20250801,20251122
246094924610004,0,0,0,0,0,0,0,20250801,20251122
246091824609956,0,0,0,0,0,0,0,20250801,20251122
246093924609466,0,0,0,0,0,0,0,20250801,20251122
246092724609453,0,0,0,0,0,0,0,20250801,20251122
246089224609094,0,0,0,0,0,0,0,20250801,20251122
246089224609093,0,0,0,0,0,0,0,20250801,20251122
246094124609481,0,0,0,0,0,0,0,20250801,20251122
246089024609116,0,0,0,0,0,0,0,20250801,20251122
246089224609323,0,0,0,0,0,0,0,20250801,20251122
246093324610025,0,0,0,0,0,0,0,20250801,20251122
246093324610021,0,0,0,0,0,0,0,20250801,20251122
246092724609323,0,0,0,0,0,0,0,20250801,20251122
246095024609533,0,0,0,0,0,0,0,20250801,20251122
246095024609535,0,0,0,0,0,0,0,20250801,20251122
246092724609803,0,0,0,0,0,0,0,20250801,20251122
246092724609801,0,0,0,0,0,0,0,20250801,20251122
246092724609805,0,0,0,0,0,0,0,20250801,20251122
246098324610011,0,0,0,0,0,0,0,20250801,20251122
246098324610015,0,0,0,0,0,0,0,20250801,20251122
246089224609035,0,0,0,0,0,0,0,20250801,20251122
246089224610002,0,0,0,0,0,0,0,20250801,20251122
246090624609172,0,0,0,0,0,0,0,20250801,20251122
246090624609175,0,0,0,0,0,0,0,20250801,20251122
246089324608963,0,0,0,0,0,0,0,20250801,20251122
246089324608964,0,0,0,0,0,0,0,20250801,20251122
246089324608965,0,0,0,0,0,0,0,20250801,20251122
246089124608987,0,0,0,0,0,0,0,20250801,20251122
246091824610026,0,0,0,0,0,0,0,20250801,20251122
246089324609163,0,0,0,0,0,0,0,20250801,20251122
246089324609164,0,0,0,0,0,0,0,20250801,20251122
246094324609433,0,0,0,0,0,0,0,20250801,20251122
246089324609024,0,0,0,0,0,0,0,20250801,20251122
246089324609022,0,0,0,0,0,0,0,20250801,20251122
246091824609186,0,0,0,0,0,0,0,20250801,20251122
246093324609477,0,0,0,0,0,0,0,20250801,20251122
246092024609201,0,0,0,0,0,0,0,20250801,20251122
246094024609477,0,0,0,0,0,0,0,20250801,20251122
246095524610013,0,0,0,0,0,0,0,20250801,20251122
246088524609131,0,0,0,0,0,0,0,20250801,20251122
246089224609022,0,0,0,0,0,0,0,20250801,20251122
246089224608953,0,0,0,0,0,0,0,20250801,20251122
246094524609525,0,0,0,0,0,0,0,20250801,20251122
246093824609385,0,0,0,0,0,0,0,20250801,20251122
246089924609013,0,0,0,0,0,0,0,20250801,20251122
246090624609081,0,0,0,0,0,0,0,20250801,20251122
246090624609083,0,0,0,0,0,0,0,20250801,20251122
246093424609373,0,0,0,0,0,0,0,20250801,20251122
246094824609513,0,0,0,0,0,0,0,20250801,20251122
246091324609153,0,0,0,0,0,0,0,20250801,20251122
246095524609582,0,0,0,0,0,0,0,20250801,20251122
246089924609092,0,0,0,0,0,0,0,20250801,20251122
246090624609094,0,0,0,0,0,0,0,20250801,20251122
246089224609163,0,0,0,0,0,0,0,20250801,20251122
246089124609046,0,0,0,0,0,0,0,20250801,20251122
246090024609013,0,0,0,0,0,0,0,20250801,20251122
246093524609374,0,0,0,0,0,0,0,20250801,20251122
246094924609514,0,0,0,0,0,0,0,20250801,20251122
246095624609584,0,0,0,0,0,0,0,20250801,20251122
246091324609131,0,0,0,0,0,0,0,20250801,20251122
246089124609267,0,0,0,0,0,0,0,20250801,20251122
246089224609103,0,0,0,0,0,0,0,20250801,20251122
246094924610002,0,0,0,0,0,0,0,20250801,20251122
246093424609341,0,0,0,0,0,0,0,20250801,20251122
246093324609407,0,0,0,0,0,0,0,20250801,20251122
246092724609455,0,0,0,0,0,0,0,20250801,20251122
246092724609452,0,0,0,0,0,0,0,20250801,20251122
246093924609536,0,0,0,0,0,0,0,20250801,20251122
246089824609127,0,0,0,0,0,0,0,20250801,20251122
246089224608991,0,0,0,0,0,0,0,20250801,20251122
246089424608954,0,0,0,0,0,0,0,20250801,20251122
246092724609326,0,0,0,0,0,0,0,20250801,20251122
246089224609241,0,0,0,0,0,0,0,20250801,20251122
246089224609242,0,0,0,0,0,0,0,20250801,20251122
246094724609492,0,0,0,0,0,0,0,20250801,20251122
246095024609534,0,0,0,0,0,0,0,20250801,20251122
246099424610015,0,0,0,0,0,0,0,20250801,20251122
246090624609173,0,0,0,0,0,0,0,20250801,20251122
246092824609373,0,0,0,0,0,0,0,20250801,20251122
246090424609046,0,0,0,0,0,0,0,20250801,20251122
246089824608987,0,0,0,0,0,0,0,20250801,20251122
246092624609267,0,0,0,0,0,0,0,20250801,20251122
246089224609021,0,0,0,0,0,0,0,20250801,20251122
246090324609035,0,0,0,0,0,0,0,20250801,20251122
246090224609024,0,0,0,0,0,0,0,20250801,20251122
246094824609511,0,0,0,0,0,0,0,20250801,20251122
246094824609514,0,0,0,0,0,0,0,20250801,20251122
246090924609094,0,0,0,0,0,0,0,20250801,20251122
246091324609142,0,0,0,0,0,0,0,20250801,20251122
246091524609153,0,0,0,0,0,0,0,20250801,20251122
246090324609105,0,0,0,0,0,0,0,20250801,20251122
246091324609162,0,0,0,0,0,0,0,20250801,20251122
246091324609171,0,0,0,0,0,0,0,20250801,20251122
246089724609046,0,0,0,0,0,0,0,20250801,20251122
246089824609057,0,0,0,0,0,0,0,20250801,20251122
246089124609047,0,0,0,0,0,0,0,20250801,20251122
246089124608977,0,0,0,0,0,0,0,20250801,20251122
246090924609105,0,0,0,0,0,0,0,20250801,20251122
246094224609455,0,0,0,0,0,0,0,20250801,20251122
246091124610026,0,0,0,0,0,0,0,20250801,20251122
246089024609046,0,0,0,0,0,0,0,20250801,20251122
246089324608952,0,0,0,0,0,0,0,20250801,20251122
246090024609012,0,0,0,0,0,0,0,20250801,20251122
246089224609171,0,0,0,0,0,0,0,20250801,20251122
246096324610004,0,0,0,0,0,0,0,20250801,20251122
246089824609187,0,0,0,0,0,0,0,20250801,20251122
246091924609257,0,0,0,0,0,0,0,20250801,20251122
246089224609101,0,0,0,0,0,0,0,20250801,20251122
246089224609104,0,0,0,0,0,0,0,20250801,20251122
246090624609061,0,0,0,0,0,0,0,20250801,20251122
246089724609186,0,0,0,0,0,0,0,20250801,20251122
246090524609127,0,0,0,0,0,0,0,20250801,20251122
246089724609116,0,0,0,0,0,0,0,20250801,20251122
246090624609131,0,0,0,0,0,0,0,20250801,20251122
246092224609223,0,0,0,0,0,0,0,20250801,20251122
246092724609321,0,0,0,0,0,0,0,20250801,20251122
246092724609324,0,0,0,0,0,0,0,20250801,20251122
246094724609497,0,0,0,0,0,0,0,20250801,20251122
246095924609875,0,0,0,0,0,0,0,20250801,20251122
246092724609802,0,0,0,0,0,0,0,20250801,20251122
246089224609032,0,0,0,0,0,0,0,20250801,20251122
246090624609171,0,0,0,0,0,0,0,20250801,20251122
246092824609372,0,0,0,0,0,0,0,20250801,20251122
246092824609374,0,0,0,0,0,0,0,20250801,20251122
246093024609304,0,0,0,0,0,0,0,20250801,20251122
246094424609444,0,0,0,0,0,0,0,20250801,20251122
246089024608906,0,0,0,0,0,0,0,20250801,20251122
246093224609396,0,0,0,0,0,0,0,20250801,20251122
246089724608976,0,0,0,0,0,0,0,20250801,20251122
246089124609127,0,0,0,0,0,0,0,20250801,20251122
246090624609161,0,0,0,0,0,0,0,20250801,20251122
246090624609163,0,0,0,0,0,0,0,20250801,20251122
246090624609164,0,0,0,0,0,0,0,20250801,20251122
246094124609411,0,0,0,0,0,0,0,20250801,20251122
246094224609443,0,0,0,0,0,0,0,20250801,20251122
246095524609583,0,0,0,0,0,0,0,20250801,20251122
246093124609385,0,0,0,0,0,0,0,20250801,20251122
246091324609175,0,0,0,0,0,0,0,20250801,20251122
246091524609163,0,0,0,0,0,0,0,20250801,20251122
246091524609164,0,0,0,0,0,0,0,20250801,20251122
246099624609967,0,0,0,0,0,0,0,20250801,20251122
246100124610025,0,0,0,0,0,0,0,20250801,20251122
246091324609173,0,0,0,0,0,0,0,20250801,20251122
246094224609454,0,0,0,0,0,0,0,20250801,20251122
246089324608932,0,0,0,0,0,0,0,20250801,20251122
246092924609303,0,0,0,0,0,0,0,20250801,20251122
246092924609304,0,0,0,0,0,0,0,20250801,20251122
246089224609102,0,0,0,0,0,0,0,20250801,20251122
246089224609105,0,0,0,0,0,0,0,20250801,20251122
246089224609092,0,0,0,0,0,0,0,20250801,20251122
246091424609152,0,0,0,0,0,0,0,20250801,20251122
246093324609464,0,0,0,0,0,0,0,20250801,20251122
246090624609174,0,0,0,0,0,0,0,20250801,20251122
246090724609243,0,0,0,0,0,0,0,20250801,20251122
246089324609023,0,0,0,0,0,0,0,20250801,20251122
246094624609466,0,0,0,0,0,0,0,20250801,20251122
246092124609232,0,0,0,0,0,0,0,20250801,20251122
246092124609233,0,0,0,0,0,0,0,20250801,20251122
246089624608965,0,0,0,0,0,0,0,20250801,20251122
246093424609372,0,0,0,0,0,0,0,20250801,20251122
246093424609374,0,0,0,0,0,0,0,20250801,20251122
246094224609444,0,0,0,0,0,0,0,20250801,20251122
246089924609162,0,0,0,0,0,0,0,20250801,20251122
246090024609022,0,0,0,0,0,0,0,20250801,20251122
246090024609023,0,0,0,0,0,0,0,20250801,20251122
246091424609142,0,0,0,0,0,0,0,20250801,20251122
246094324609444,0,0,0,0,0,0,0,20250801,20251122
246092124609212,0,0,0,0,0,0,0,20250801,20251122
246091924609256,0,0,0,0,0,0,0,20250801,20251122
246094724609477,0,0,0,0,0,0,0,20250801,20251122
246091624609174,0,0,0,0,0,0,0,20250801,20251122
246091424609153,0,0,0,0,0,0,0,20250801,20251122
246089424608953,0,0,0,0,0,0,0,20250801,20251122
246090824609094,0,0,0,0,0,0,0,20250801,20251122
246092324609234,0,0,0,0,0,0,0,20250801,20251122
246088924608905,0,0,0,0,0,0,0,20250801,20251122
246093324609466,0,0,0,0,0,0,0,20250801,20251122
246093324609463,0,0,0,0,0,0,0,20250801,20251122
246093324609465,0,0,0,0,0,0,0,20250801,20251122
246094724609491,0,0,0,0,0,0,0,20250801,20251122
246095024609536,0,0,0,0,0,0,0,20250801,20251122
246089224609033,0,0,0,0,0,0,0,20250801,20251122
246089924609001,0,0,0,0,0,0,0,20250801,20251122
246089924609002,0,0,0,0,0,0,0,20250801,20251122
246093324609341,0,0,0,0,0,0,0,20250801,20251122
246093924609396,0,0,0,0,0,0,0,20250801,20251122
246095024609523,0,0,0,0,0,0,0,20250801,20251122
246095024609524,0,0,0,0,0,0,0,20250801,20251122
246095024609525,0,0,0,0,0,0,0,20250801,20251122
246091724609175,0,0,0,0,0,0,0,20250801,20251122
246092124609234,0,0,0,0,0,0,0,20250801,20251122
246089924609022,0,0,0,0,0,0,0,20250801,20251122
246093424609371,0,0,0,0,0,0,0,20250801,20251122
246092824609303,0,0,0,0,0,0,0,20250801,20251122
246089924609163,0,0,0,0,0,0,0,20250801,20251122
246089924609164,0,0,0,0,0,0,0,20250801,20251122
246091324609172,0,0,0,0,0,0,0,20250801,20251122
246090624609092,0,0,0,0,0,0,0,20250801,20251122
246092824609313,0,0,0,0,0,0,0,20250801,20251122
246092824609314,0,0,0,0,0,0,0,20250801,20251122
246094224609452,0,0,0,0,0,0,0,20250801,20251122
246091224609186,0,0,0,0,0,0,0,20250801,20251122
246092124609242,0,0,0,0,0,0,0,20250801,20251122
246092124609243,0,0,0,0,0,0,0,20250801,20251122
246092124609245,0,0,0,0,0,0,0,20250801,20251122
246092224609233,0,0,0,0,0,0,0,20250801,20251122
246094824609492,0,0,0,0,0,0,0,20250801,20251122
246091624609175,0,0,0,0,0,0,0,20250801,20251122
246098324610012,0,0,0,0,0,0,0,20250801,20251122
246098324610013,0,0,0,0,0,0,0,20250801,20251122
246089224609034,0,0,0,0,0,0,0,20250801,20251122
246090724609093,0,0,0,0,0,0,0,20250801,20251122
246090724609094,0,0,0,0,0,0,0,20250801,20251122
246094024609407,0,0,0,0,0,0,0,20250801,20251122
246091224609127,0,0,0,0,0,0,0,20250801,20251122
246091124609116,0,0,0,0,0,0,0,20250801,20251122
246091924609197,0,0,0,0,0,0,0,20250801,20251122
246100224610026,0,0,0,0,0,0,0,20250801,20251122
246089224608921,0,0,0,0,0,0,0,20250801,20251122
246089924609023,0,0,0,0,0,0,0,20250801,20251122
246089924609011,0,0,0,0,0,0,0,20250801,20251122
246090624609082,0,0,0,0,0,0,0,20250801,20251122
246091624609164,0,0,0,0,0,0,0,20250801,20251122
246094824609512,0,0,0,0,0,0,0,20250801,20251122
246091324609151,0,0,0,0,0,0,0,20250801,20251122
246092824609302,0,0,0,0,0,0,0,20250801,20251122
246094224609442,0,0,0,0,0,0,0,20250801,20251122
246095224609525,0,0,0,0,0,0,0,20250801,20251122
246090624609091,0,0,0,0,0,0,0,20250801,20251122
246089124608976,0,0,0,0,0,0,0,20250801,20251122
246092824609315,0,0,0,0,0,0,0,20250801,20251122
246094224609453,0,0,0,0,0,0,0,20250801,20251122
246089324608953,0,0,0,0,0,0,0,20250801,20251122
246092124609244,0,0,0,0,0,0,0,20250801,20251122
246090724609083,0,0,0,0,0,0,0,20250801,20251122
246092224609234,0,0,0,0,0,0,0,20250801,20251122
246093524609373,0,0,0,0,0,0,0,20250801,20251122
246094924609513,0,0,0,0,0,0,0,20250801,20251122
246095624609582,0,0,0,0,0,0,0,20250801,20251122
246095624609583,0,0,0,0,0,0,0,20250801,20251122
246094324609443,0,0,0,0,0,0,0,20250801,20251122
246094824609491,0,0,0,0,0,0,0,20250801,20251122
246091324609163,0,0,0,0,0,0,0,20250801,20251122
246095524609551,0,0,0,0,0,0,0,20250801,20251122
246090724609072,0,0,0,0,0,0,0,20250801,20251122
246088924608906,0,0,0,0,0,0,0,20250801,20251122
246092724609322,0,0,0,0,0,0,0,20250801,20251122
246089324608962,0,0,0,0,0,0,0,20250801,20251122
246090724609092,0,0,0,0,0,0,0,20250801,20251122
246090124609013,0,0,0,0,0,0,0,20250801,20251122
